pose: 
  position: 
    x: 2.65670061111
    y: -0.690716266632
    z: 0.0
  orientation: 
    x: 0.0
    y: 0.0
    z: -0.357251978711
    w: 0.934008042635
---